12345
12354
12543
15342
52341
12435
12453
12534
15432
52431
14325
14352
14523
15324
54321
42315
42351
42513
45312
52314
13245
13254
13542
15243
53241
13425
13452
13524
15423
53421
14235
14253
14532
15234
54231
43215
43251
43512
45213
53214
32145
32154
32541
35142
52143
32415
32451
32514
35412
52413
34125
34152
34521
35124
54123
42135
42153
42531
45132
52134
21345
21354
21543
25341
51342
21435
21453
21534
25431
51432
24315
24351
24513
25314
54312
41325
41352
41523
45321
51324
23145
23154
23541
25143
53142
23415
23451
23514
25413
53412
24135
24153
24531
25134
54132
43125
43152
43521
45123
53124
31245
31254
31542
35241
51243
31425
31452
31524
35421
51423
34215
34251
34512
35214
54213
41235
41253
41532
45231
51234
